HWI-EAS324_102408434:4:97:2960:18429/2	AY386125.1:1-1124|Methanobacterium	43.3	30	17	0	99	10	67	96	3.6e-04	33.1
HWI-EAS324_102408434:3:120:8280:5076/1	CP000678.1:c866036-864381|Methanobrevibacter	92.6	27	2	0	81	1	389	415	3.7e-09	49.7
HWI-EAS324_102408434:3:33:19317:6790/1	CP000678.1:c979144-977489|Methanobrevibacter	100.0	33	0	0	100	2	251	283	5.4e-16	72.4
HWI-EAS324_102408434:3:55:7011:10182/1	AY386125.1:1-1124|Methanobacterium	44.8	29	16	0	1	87	68	96	8.0e-04	32.0
HWI-EAS324_102408434:3:69:11880:16677/1	CP000678.1:c979144-977489|Methanobrevibacter	100.0	33	0	0	100	2	486	518	4.1e-16	72.8
HWI-EAS324_102408434:3:97:15502:15567/1	CP000678.1:c979144-977489|Methanobrevibacter	100.0	32	0	0	3	98	383	414	6.6e-14	65.5
HWI-EAS324_102408434:4:22:15962:14247/1	CP000678.1:c979144-977489|Methanobrevibacter	100.0	32	0	0	3	98	57	88	1.2e-15	71.2
HWI-EAS324_102408434:4:22:15962:14247/2	CP000678.1:c979144-977489|Methanobrevibacter	100.0	32	0	0	98	3	70	101	1.6e-15	70.9
HWI-EAS324_102408434:4:94:5400:16139/1	CP000678.1:c866036-864381|Methanobrevibacter	100.0	32	0	0	99	4	355	386	5.9e-15	68.9
HWI-EAS324_102408434:3:120:8280:5076/2	CP000678.1:c866036-864381|Methanobrevibacter	100.0	25	0	0	3	77	391	415	2.9e-09	50.1
HWI-EAS324_102408434:3:20:15910:20970/2	AY386125.1:1-1124|Methanobacterium	43.3	30	17	0	96	7	67	96	6.2e-04	32.3
HWI-EAS324_102408434:3:33:19317:6790/2	JXMW01000002.1:c55692-54040|Methanobrevibacter	100.0	33	0	0	1	99	233	265	1.2e-15	71.2
HWI-EAS324_102408434:3:69:11880:16677/2	CP000678.1:c979144-977489|Methanobrevibacter	100.0	33	0	0	1	99	486	518	4.1e-16	72.8
