61JENAAXX100505:3:99:1959:17474/2	AB353228.1:1-748|Methanotorris	81.2	32	6	0	1	96	12	43	6.6e-11	55.5
61JENAAXX100505:3:110:19282:17875/1	GG704759.1:431084-432751|Methanobrevibacter	62.5	24	9	0	3	74	10	33	8.5e-06	38.1
61JENAAXX100505:3:113:4046:1395/1	HQ896500.1:c456-1|Methanomassiliicoccus	81.0	21	4	0	63	1	26	46	2.9e-07	42.7
61JENAAXX100505:3:99:1959:17474/1	AB353228.1:1-748|Methanotorris	85.7	28	4	0	84	1	33	60	1.2e-11	57.8
61JENAAXX100505:3:75:3211:16261/2	HQ896500.1:c456-1|Methanomassiliicoccus	84.8	33	5	0	100	2	46	78	6.6e-14	65.5
61JENAAXX100505:3:95:13385:2838/1	AY386125.1:1-1124|Methanobacterium	43.3	30	17	0	9	98	67	96	6.2e-04	32.3
61JENAAXX100505:4:27:17633:6047/2	CP002278.1:c756135-754468|Methanothermus	90.9	33	3	0	100	2	121	153	2.9e-14	66.6
61JENAAXX100505:3:91:15070:16237/2	HQ896500.1:c456-1|Methanomassiliicoccus	85.2	27	4	0	82	2	37	63	1.2e-10	54.7
61JENAAXX100505:4:66:4708:17089/1	HQ896500.1:c456-1|Methanomassiliicoccus	87.9	33	4	0	1	99	34	66	7.8e-15	68.6
61JENAAXX100505:4:18:12062:12040/1	HQ896500.1:c456-1|Methanomassiliicoccus	83.3	30	5	0	2	91	4	33	4.7e-12	59.3
61JENAAXX100505:4:29:3876:20125/1	NC_007355.1:1076826-1078538|Methanosarcina	89.3	28	3	0	85	2	485	512	2.6e-11	56.6
61JENAAXX100505:3:75:13297:8171/2	CP002278.1:c756135-754468|Methanothermus	69.7	33	10	0	99	1	185	217	2.9e-09	50.1
61JENAAXX100505:3:83:3229:2341/2	OBDR01000004.1:c72523-70802|Methanohalophilus	87.9	33	4	0	1	99	485	517	3.3e-13	63.2
61JENAAXX100505:3:6:14102:5081/1	HQ896500.1:c456-1|Methanomassiliicoccus	96.4	28	1	0	86	3	115	142	6.2e-13	62.0
61JENAAXX100505:4:66:4708:17089/2	HQ896500.1:c456-1|Methanomassiliicoccus	92.3	26	2	0	80	3	74	99	2.6e-08	46.6
61JENAAXX100505:4:37:5270:19181/1	CP002278.1:c756135-754468|Methanothermus	93.8	32	2	0	100	5	122	153	5.0e-14	65.9
61JENAAXX100505:3:75:3211:16261/1	HQ896500.1:c456-1|Methanomassiliicoccus	84.8	33	5	0	2	100	39	71	8.6e-14	65.1
61JENAAXX100505:3:53:9762:13254/2	HQ896500.1:c456-1|Methanomassiliicoccus	97.0	33	1	0	101	3	113	145	1.4e-16	74.3
61JENAAXX100505:3:83:2442:13180/1	CP002069.1:c861031-859310|Methanohalobium	92.6	27	2	0	1	81	481	507	1.3e-12	60.8
61JENAAXX100505:3:89:11352:6560/1	FOAK01000001.1:279912-281579|Methanobrevibacter	86.2	29	4	0	3	89	495	523	3.1e-10	53.1
61JENAAXX100505:3:89:3496:10778/2	AE009439.1:614620-616281|Methanopyrus	95.7	23	1	0	77	9	466	488	1.2e-10	54.3
61JENAAXX100505:3:91:15070:16237/1	HQ896500.1:c456-1|Methanomassiliicoccus	85.2	27	4	0	1	81	37	63	3.9e-11	56.2
