HWUSI-EAS1552_102506972:6:3:5552:6191/1	AY386125.1:1-1124|Methanobacterium	42.9	28	16	0	10	93	19	46	3.6e-04	33.1
HWUSI-EAS1552_102506972:6:106:9975:20791/1	AY386125.1:1-1124|Methanobacterium	43.3	30	17	0	10	99	67	96	6.2e-04	32.3
HWUSI-EAS1552_102506972:6:84:10934:2605/1	AY386125.1:1-1124|Methanobacterium	43.3	30	17	0	9	98	67	96	6.2e-04	32.3
HWUSI-EAS1552_102506972:6:35:14599:10783/1	AY386125.1:1-1124|Methanobacterium	43.3	30	17	0	5	94	67	96	6.2e-04	32.3
HWUSI-EAS1552_102506972:6:89:5298:4057/2	AY386125.1:1-1124|Methanobacterium	43.3	30	17	0	2	91	67	96	6.2e-04	32.3
HWUSI-EAS1552_102506972:6:90:10599:12800/2	AY386125.1:1-1124|Methanobacterium	43.3	30	17	0	10	99	67	96	6.2e-04	32.3
HWUSI-EAS1552_102506972:6:100:16961:15999/2	AY386125.1:1-1124|Methanobacterium	43.3	30	17	0	98	9	67	96	6.2e-04	32.3
HWUSI-EAS1552_102506972:6:70:7672:5061/1	AY386125.1:1-1124|Methanobacterium	42.9	28	16	0	12	95	19	46	2.8e-04	33.5
HWUSI-EAS1552_102506972:6:104:5655:10862/1	AY386125.1:1-1124|Methanobacterium	44.8	29	16	0	1	87	68	96	8.0e-04	32.0
HWUSI-EAS1552_102506972:6:120:3750:20373/1	AY386125.1:1-1124|Methanobacterium	43.3	30	17	0	100	11	67	96	6.2e-04	32.3
