SRR1571665.1963584/2	CP002278.1:c756135-754468|Methanothermus	90.9	33	3	0	101	3	120	152	3.9e-14	66.2
SRR1564262.1852087/1	LMVN01000008.1:20076-21746|Methanosphaera	84.8	33	5	0	1	99	226	258	1.8e-11	57.4
SRR1565892.1397440/1	APMM01000014.1:c18684-17023|Methanocaldococcus	66.7	33	11	0	3	101	9	41	1.5e-10	54.3
SRR1565892.282977/1	CP011266.1:2218335-2219990|Methanobrevibacter	81.8	33	6	0	3	101	468	500	2.8e-12	60.1
SRR1568951.63237/1	EU715818.1:1-745|Methanolobus	45.5	33	17	1	1	96	83	115	2.8e-04	33.5
SRR1565892.1352653/2	HQ896500.1:c456-1|Methanomassiliicoccus	90.9	33	3	0	99	1	66	98	4.7e-12	59.3
SRR1569987.1200722/2	HQ896500.1:c456-1|Methanomassiliicoccus	100.0	33	0	0	100	2	89	121	2.2e-17	77.0
SRR1568992.710514/1	AP011532.1:507630-509303|Methanocella	66.7	33	11	0	99	1	153	185	4.4e-10	52.8
SRR1568992.819778/1	AB703644.1:1-1171|Methanofollis	78.1	32	7	0	2	97	50	81	3.1e-11	56.6
SRR1569987.633221/2	HQ896500.1:c456-1|Methanomassiliicoccus	65.6	32	11	0	97	2	8	39	9.8e-10	51.6
SRR1571665.1963584/1	CP011266.1:2218335-2219990|Methanobrevibacter	87.9	33	4	0	3	101	86	118	3.9e-14	66.2
SRR1571665.220208/1	CP002009.1:c260011-258350|Methanocaldococcus	78.1	32	7	0	96	1	202	233	6.1e-12	58.9
SRR1564262.1852087/2	AB353228.1:1-748|Methanotorris	75.8	33	8	0	101	3	9	41	3.4e-10	53.1
SRR1565892.1397440/2	APMM01000014.1:c18684-17023|Methanocaldococcus	71.0	31	9	0	101	9	16	46	5.8e-10	52.4
SRR1569987.1200722/1	HQ896500.1:c456-1|Methanomassiliicoccus	84.8	33	5	0	2	100	52	84	1.2e-12	61.2
SRR1569987.633221/1	HQ896500.1:c456-1|Methanomassiliicoccus	83.3	24	4	0	2	73	17	40	2.2e-09	50.4
SRR1568992.710514/2	AB703644.1:1-1171|Methanofollis	81.8	33	6	0	3	101	45	77	9.5e-13	61.6
SRR1568951.479325/2	HQ896500.1:c456-1|Methanomassiliicoccus	100.0	33	0	0	2	100	94	126	1.3e-17	77.8
