61JENAAXX100505:6:21:6974:11619/1	HM802935.1:1-1136|Methanobacterium	90.9	33	3	0	2	100	7	39	5.6e-13	62.4
61JENAAXX100505:6:57:14100:12530/1	HQ896500.1:c456-1|Methanomassiliicoccus	84.8	33	5	0	100	2	29	61	5.0e-14	65.9
61JENAAXX100505:6:86:12919:1640/2	CP001719.1:c2470353-2468701|Methanobrevibacter	66.7	33	11	0	2	100	508	540	2.6e-10	53.5
61JENAAXX100505:5:39:4049:11832/2	EU715818.1:1-745|Methanolobus	45.5	33	17	1	97	2	83	115	2.8e-04	33.5
61JENAAXX100505:6:116:2820:5634/1	EU715818.1:1-745|Methanolobus	45.5	33	17	1	97	2	83	115	2.8e-04	33.5
61JENAAXX100505:6:84:10383:1909/1	GG704759.1:431084-432751|Methanobrevibacter	70.8	24	7	0	29	100	2	25	2.3e-06	40.4
61JENAAXX100505:5:4:18255:1324/1	J03375.1:3394-5061|Methanothermus	73.7	19	5	0	2	58	160	178	9.8e-05	34.3
61JENAAXX100505:5:55:6185:11538/1	AE009439.1:614620-616281|Methanopyrus	48.5	33	17	0	3	101	173	205	2.1e-04	33.9
61JENAAXX100505:5:71:2219:8848/1	AB703641.1:1-1171|Methanolinea	68.0	25	8	0	81	7	196	220	4.1e-06	39.3
61JENAAXX100505:6:106:13105:8777/2	NZ_JQKN01000013.1:61384-63036|Methanobacterium	75.0	28	7	0	85	2	47	74	8.3e-09	48.5
61JENAAXX100505:6:43:17821:13563/1	CP011266.1:2218335-2219990|Methanobrevibacter	81.8	33	6	0	2	100	468	500	2.8e-12	60.1
