HWUSI-EAS740_103031124:1:107:15685:3954/1	CP000678.1:c979144-977489|Methanobrevibacter	93.8	32	2	0	3	98	341	372	2.3e-14	67.0
HWUSI-EAS740_103031124:1:119:5001:6230/1	CP011266.1:2218335-2219990|Methanobrevibacter	100.0	27	0	0	82	2	393	419	6.4e-10	52.0
HWUSI-EAS740_103031124:1:12:6050:6618/1	CP011266.1:2218335-2219990|Methanobrevibacter	100.0	24	0	0	74	3	95	118	1.1e-10	54.3
HWUSI-EAS740_103031124:1:19:11162:19773/1	CP000678.1:c979144-977489|Methanobrevibacter	100.0	30	0	0	92	3	506	535	1.4e-13	64.3
HWUSI-EAS740_103031124:1:27:4800:14792/1	CP011266.1:2218335-2219990|Methanobrevibacter	100.0	29	0	0	3	89	385	413	1.9e-12	60.5
HWUSI-EAS740_103031124:1:19:11162:19773/2	CP011266.1:2218335-2219990|Methanobrevibacter	100.0	33	0	0	2	100	461	493	8.3e-17	75.1
HWUSI-EAS740_103031124:1:6:18702:16812/1	CP000678.1:c979144-977489|Methanobrevibacter	100.0	29	0	0	89	3	276	304	1.3e-13	64.3
HWUSI-EAS740_103031124:1:71:3882:21083/2	GG704759.1:431084-432751|Methanobrevibacter	95.0	20	1	0	60	1	14	33	7.3e-08	44.7
HWUSI-EAS740_103031124:1:12:6050:6618/2	CP000678.1:c979144-977489|Methanobrevibacter	100.0	31	0	0	2	94	59	89	1.3e-14	67.8
HWUSI-EAS740_103031124:1:90:11922:1457/2	CP000678.1:c979144-977489|Methanobrevibacter	93.9	33	2	0	1	99	51	83	1.3e-14	67.8
HWUSI-EAS740_103031124:2:107:8969:13121/1	CP000678.1:c979144-977489|Methanobrevibacter	100.0	31	0	0	2	94	378	408	1.1e-13	64.7
HWUSI-EAS740_103031124:2:113:13448:1926/1	CP000678.1:c979144-977489|Methanobrevibacter	100.0	24	0	0	75	4	114	137	2.2e-09	50.1
HWUSI-EAS740_103031124:1:6:18702:16812/2	CP000678.1:c979144-977489|Methanobrevibacter	100.0	31	0	0	1	93	209	239	2.8e-14	66.6
