HWUSI-EAS710_102316764:2:11:10353:9566/1	AY386125.1:1-1124|Methanobacterium	44.8	29	16	0	100	14	68	96	8.0e-04	32.0
HWUSI-EAS710_102316764:2:86:12194:18109/1	CP000678.1:c979144-977489|Methanobrevibacter	100.0	32	0	0	99	4	280	311	5.9e-15	68.9
HWUSI-EAS710_102316764:2:38:11644:14190/1	CP011266.1:2218335-2219990|Methanobrevibacter	100.0	33	0	0	2	100	148	180	5.9e-15	68.9
HWUSI-EAS710_102316764:1:112:15675:7582/2	CP000678.1:c979144-977489|Methanobrevibacter	100.0	24	0	0	99	28	528	551	3.4e-10	53.1
HWUSI-EAS710_102316764:1:105:16691:4599/1	AY386125.1:1-1124|Methanobacterium	43.3	30	17	0	95	6	67	96	6.2e-04	32.3
HWUSI-EAS710_102316764:2:13:18324:9202/1	AY386125.1:1-1124|Methanobacterium	44.8	29	16	0	3	89	68	96	9.9e-04	31.6
HWUSI-EAS710_102316764:2:87:14803:13661/2	CP000678.1:c979144-977489|Methanobrevibacter	100.0	32	0	0	99	4	115	146	8.6e-14	65.1
HWUSI-EAS710_102316764:2:115:10964:3156/1	CP000678.1:c979144-977489|Methanobrevibacter	100.0	32	0	0	3	98	337	368	3.1e-16	73.2
HWUSI-EAS710_102316764:2:14:7309:15764/1	CP000678.1:c979144-977489|Methanobrevibacter	97.0	33	1	0	100	2	359	391	5.9e-15	68.9
HWUSI-EAS710_102316764:2:115:10964:3156/2	CP000678.1:c979144-977489|Methanobrevibacter	100.0	33	0	0	100	2	373	405	2.7e-15	70.1
HWUSI-EAS710_102316764:2:87:19433:11028/2	AY386125.1:1-1124|Methanobacterium	44.8	29	16	0	100	14	68	96	8.0e-04	32.0
HWUSI-EAS710_102316764:2:57:18630:5933/2	CP000678.1:c979144-977489|Methanobrevibacter	100.0	33	0	0	1	99	41	73	4.1e-16	72.8
HWUSI-EAS710_102316764:2:70:5862:6904/2	CP011266.1:2218335-2219990|Methanobrevibacter	97.0	33	1	0	99	1	88	120	7.8e-15	68.6
HWUSI-EAS710_102316764:2:109:6430:1695/1	CP000678.1:c979144-977489|Methanobrevibacter	100.0	33	0	0	100	2	365	397	1.2e-15	71.2
HWUSI-EAS710_102316764:1:7:13536:10794/2	CP000678.1:c979144-977489|Methanobrevibacter	100.0	33	0	0	100	2	403	435	5.0e-14	65.9
HWUSI-EAS710_102316764:2:107:18137:9760/1	CP000678.1:c979144-977489|Methanobrevibacter	97.0	33	1	0	99	1	477	509	8.3e-17	75.1
HWUSI-EAS710_102316764:1:19:4398:20281/1	GG704759.1:431084-432751|Methanobrevibacter	100.0	20	0	0	63	4	1	20	3.5e-07	43.1
HWUSI-EAS710_102316764:2:10:13436:8465/1	CP000678.1:c979144-977489|Methanobrevibacter	100.0	33	0	0	2	100	24	56	4.1e-16	72.8
HWUSI-EAS710_102316764:1:21:17624:8705/1	CP000678.1:c979144-977489|Methanobrevibacter	100.0	33	0	0	100	2	277	309	2.0e-15	70.5
HWUSI-EAS710_102316764:2:55:9793:4979/2	CP000678.1:c979144-977489|Methanobrevibacter	100.0	33	0	0	1	99	130	162	2.0e-15	70.5
HWUSI-EAS710_102316764:1:36:12432:10128/1	CP000678.1:c979144-977489|Methanobrevibacter	100.0	32	0	0	3	98	335	366	5.4e-16	72.4
HWUSI-EAS710_102316764:2:82:15852:17295/1	GG704759.1:431084-432751|Methanobrevibacter	100.0	23	0	0	71	3	1	23	2.9e-09	50.1
HWUSI-EAS710_102316764:1:48:13303:12770/1	CP000678.1:c979144-977489|Methanobrevibacter	100.0	33	0	0	1	99	374	406	3.5e-15	69.7
HWUSI-EAS710_102316764:2:30:13480:6641/1	CP011266.1:2218335-2219990|Methanobrevibacter	100.0	33	0	0	100	2	219	251	7.0e-16	72.0
HWUSI-EAS710_102316764:1:95:11448:19634/1	CP000678.1:c979144-977489|Methanobrevibacter	100.0	33	0	0	2	100	481	513	3.1e-16	73.2
HWUSI-EAS710_102316764:1:2:13996:14016/2	CP000678.1:c979144-977489|Methanobrevibacter	100.0	32	0	0	99	4	293	324	1.7e-14	67.4
HWUSI-EAS710_102316764:2:109:6430:1695/2	CP000678.1:c979144-977489|Methanobrevibacter	100.0	32	0	0	3	98	338	369	4.1e-16	72.8
HWUSI-EAS710_102316764:2:84:10325:872/1	AY386125.1:1-1124|Methanobacterium	43.3	30	17	0	5	94	67	96	6.2e-04	32.3
HWUSI-EAS710_102316764:1:90:16342:14470/1	CP000678.1:c979144-977489|Methanobrevibacter	100.0	33	0	0	1	99	52	84	2.4e-16	73.6
HWUSI-EAS710_102316764:2:21:6902:17448/1	CP000678.1:c979144-977489|Methanobrevibacter	100.0	32	0	0	99	4	68	99	2.0e-15	70.5
HWUSI-EAS710_102316764:1:73:11957:14775/1	EU715818.1:1-745|Methanolobus	45.5	33	17	1	2	97	83	115	3.6e-04	33.1
HWUSI-EAS710_102316764:1:87:5599:1935/1	CP000678.1:c979144-977489|Methanobrevibacter	100.0	33	0	0	100	2	407	439	3.5e-15	69.7
HWUSI-EAS710_102316764:1:7:13536:10794/1	CP011266.1:2218335-2219990|Methanobrevibacter	100.0	32	0	0	3	98	396	427	4.7e-12	59.3
