SRR1804296.1595023/1	AY386125.1:1-1124|Methanobacterium	48.3	29	15	0	2	88	68	96	3.6e-04	33.1
SRR1804296.731370/2	AY386125.1:1-1124|Methanobacterium	51.9	27	13	0	13	93	67	93	4.7e-04	32.7
SRR1804296.2686627/1	AY386125.1:1-1124|Methanobacterium	46.7	30	16	0	94	5	67	96	2.8e-04	33.5
SRR1805004.20193713/2	AY386125.1:1-1124|Methanobacterium	52.0	25	12	0	78	4	67	91	8.0e-04	32.0
SRR1805004.3110383/2	AY386125.1:1-1124|Methanobacterium	51.9	27	13	0	87	7	67	93	4.7e-04	32.7
SRR1805004.17133476/2	AY386125.1:1-1124|Methanobacterium	48.1	27	14	0	95	15	70	96	6.2e-04	32.3
SRR1804296.6470283/1	AY386125.1:1-1124|Methanobacterium	52.0	25	12	0	77	3	67	91	8.0e-04	32.0
SRR1804296.6731321/1	AY386125.1:1-1124|Methanobacterium	51.9	27	13	0	14	94	67	93	4.7e-04	32.7
SRR1805004.12634282/1	AY386125.1:1-1124|Methanobacterium	51.9	27	13	0	85	5	67	93	6.2e-04	32.3
SRR1804296.27812/2	AY386125.1:1-1124|Methanobacterium	52.0	25	12	0	77	3	67	91	8.0e-04	32.0
SRR1805004.7513836/1	AY386125.1:1-1124|Methanobacterium	51.9	27	13	0	87	7	67	93	4.7e-04	32.7
SRR1805004.7989076/1	AY386125.1:1-1124|Methanobacterium	48.3	29	15	0	100	14	68	96	3.6e-04	33.1
SRR1805004.1646154/1	AY386125.1:1-1124|Methanobacterium	51.9	27	13	0	90	10	67	93	4.7e-04	32.7
SRR1805004.990997/2	AY386125.1:1-1124|Methanobacterium	48.1	27	14	0	5	85	70	96	8.0e-04	32.0
SRR1805004.2681025/1	AY386125.1:1-1124|Methanobacterium	51.9	27	13	0	19	99	67	93	6.2e-04	32.3
SRR1805004.2809453/1	AY386125.1:1-1124|Methanobacterium	43.3	30	17	0	10	99	67	96	6.2e-04	32.3
SRR1805004.20695024/1	AY386125.1:1-1124|Methanobacterium	46.7	30	16	0	99	10	67	96	1.6e-04	34.3
SRR1805004.13164891/2	AY386125.1:1-1124|Methanobacterium	43.3	30	17	0	94	5	67	96	6.2e-04	32.3
