SRR1804614.6225423/2	AY386125.1:1-1124|Methanobacterium	43.3	30	17	0	99	10	67	96	3.6e-04	33.1
SRR1804614.3959877/2	CP011266.1:2218335-2219990|Methanobrevibacter	100.0	32	0	0	98	3	309	340	7.8e-15	68.6
SRR1804614.5072429/2	AY386125.1:1-1124|Methanobacterium	43.3	30	17	0	96	7	67	96	6.2e-04	32.3
SRR1804614.1033431/1	CP011266.1:2218335-2219990|Methanobrevibacter	100.0	32	0	0	3	98	220	251	4.5e-15	69.3
SRR1804614.10335899/1	CP000678.1:c979144-977489|Methanobrevibacter	97.0	33	1	0	2	100	109	141	2.3e-14	67.0
SRR1804614.11258022/1	CP000678.1:c979144-977489|Methanobrevibacter	100.0	32	0	0	3	98	420	451	2.4e-16	73.6
SRR1804614.15145412/2	CP000678.1:c979144-977489|Methanobrevibacter	100.0	32	0	0	99	4	76	107	2.7e-15	70.1
SRR1804614.11765004/1	CP000678.1:c979144-977489|Methanobrevibacter	100.0	33	0	0	2	100	518	550	2.0e-15	70.5
SRR1804614.3679836/2	CP000678.1:c979144-977489|Methanobrevibacter	100.0	33	0	0	100	2	206	238	5.9e-15	68.9
SRR1804614.1243900/1	AY386125.1:1-1124|Methanobacterium	43.3	30	17	0	98	9	67	96	3.6e-04	33.1
SRR1804614.12576832/1	CP000678.1:c979144-977489|Methanobrevibacter	96.9	32	1	0	98	3	490	521	1.3e-14	67.8
SRR1804614.1283283/1	CP000678.1:c979144-977489|Methanobrevibacter	100.0	32	0	0	3	98	495	526	7.0e-16	72.0
SRR1804614.9316356/2	EU715818.1:1-745|Methanolobus	45.5	33	17	1	4	99	83	115	2.8e-04	33.5
SRR1804614.13024369/1	CP000678.1:c979144-977489|Methanobrevibacter	96.9	32	1	0	98	3	116	147	8.6e-14	65.1
SRR1804614.18841802/2	CP000678.1:c979144-977489|Methanobrevibacter	100.0	33	0	0	1	99	119	151	5.9e-15	68.9
SRR1804614.15669810/1	CP011266.1:2218335-2219990|Methanobrevibacter	95.0	20	1	0	3	62	532	551	7.0e-08	45.4
SRR1804614.1033431/2	CP000678.1:c979144-977489|Methanobrevibacter	100.0	32	0	0	98	3	274	305	2.7e-15	70.1
SRR1804614.9911755/1	CP000678.1:c979144-977489|Methanobrevibacter	100.0	32	0	0	3	98	116	147	5.0e-14	65.9
SRR1804614.16828512/1	AY386125.1:1-1124|Methanobacterium	43.3	30	17	0	91	2	67	96	6.2e-04	32.3
SRR1804614.12576832/2	CP011266.1:2218335-2219990|Methanobrevibacter	100.0	32	0	0	3	98	437	468	2.4e-16	73.6
SRR1804614.1283283/2	CP000678.1:c979144-977489|Methanobrevibacter	100.0	33	0	0	99	1	519	551	4.5e-15	69.3
SRR1804614.17236162/1	AY386125.1:1-1124|Methanobacterium	52.0	25	12	0	79	5	67	91	4.7e-04	32.7
SRR1804614.18737219/1	AY386125.1:1-1124|Methanobacterium	43.3	30	17	0	97	8	67	96	6.2e-04	32.3
SRR1804614.18841802/1	CP011266.1:2218335-2219990|Methanobrevibacter	100.0	32	0	0	99	4	146	177	3.9e-14	66.2
SRR1804614.19101157/1	EU919430.1:1-471|Methanobrevibacter	100.0	33	0	0	1	99	124	156	4.9e-17	75.9
SRR1804614.11258022/2	CP000678.1:c979144-977489|Methanobrevibacter	100.0	33	0	0	100	2	479	511	1.4e-16	74.3
SRR1804614.3756277/2	CP000678.1:c979144-977489|Methanobrevibacter	97.0	33	1	0	100	2	270	302	2.7e-15	70.1
SRR1804614.3044001/1	CP011266.1:2218335-2219990|Methanobrevibacter	100.0	32	0	0	100	5	84	115	2.0e-15	70.5
SRR1804614.3679836/1	CP011266.1:2218335-2219990|Methanobrevibacter	100.0	32	0	0	3	98	134	165	5.0e-14	65.9
SRR1804614.3756277/1	CP000678.1:c979144-977489|Methanobrevibacter	100.0	32	0	0	2	97	209	240	5.9e-15	68.9
SRR1804614.4215203/1	AY386125.1:1-1124|Methanobacterium	43.3	30	17	0	5	94	67	96	6.2e-04	32.3
SRR1804614.4277164/1	EU919430.1:1-471|Methanobrevibacter	100.0	32	0	0	3	98	125	156	1.4e-16	74.3
SRR1804614.12682228/2	GG704759.1:431084-432751|Methanobrevibacter	96.9	32	1	0	98	3	17	48	1.0e-14	68.2
SRR1804614.3623988/2	CP011266.1:2218335-2219990|Methanobrevibacter	100.0	32	0	0	98	3	155	186	5.0e-14	65.9
SRR1804614.13175567/2	CP011266.1:2218335-2219990|Methanobrevibacter	100.0	32	0	0	98	3	132	163	1.7e-14	67.4
SRR1804614.7193836/1	CP011266.1:2218335-2219990|Methanobrevibacter	100.0	33	0	0	100	2	88	120	2.7e-15	70.1
SRR1804614.7752140/1	CP000678.1:c979144-977489|Methanobrevibacter	100.0	33	0	0	1	99	314	346	3.1e-16	73.2
