SRR041661.7393092/1	CP000678.1:c866036-864381|Methanobrevibacter	100.0	28	0	0	16	99	1	28	4.7e-12	59.3
SRR061132.2554518/1	GG704759.1:431084-432751|Methanobrevibacter	100.0	26	0	0	80	3	1	26	1.2e-10	54.7
SRR061122.4498852/1	CP000678.1:c979144-977489|Methanobrevibacter	97.0	33	1	0	1	99	103	135	8.6e-14	65.1
SRR061132.16598315/2	CP000678.1:c866036-864381|Methanobrevibacter	93.9	33	2	0	2	100	97	129	9.5e-13	61.6
SRR061132.26219317/1	CP000678.1:c866036-864381|Methanobrevibacter	100.0	33	0	0	100	2	200	232	2.4e-16	73.6
SRR061122.2440805/1	AY386125.1:1-1124|Methanobacterium	52.0	25	12	0	77	3	67	91	8.0e-04	32.0
SRR061121.11543326/2	CP000678.1:c979144-977489|Methanobrevibacter	100.0	33	0	0	1	99	209	241	1.6e-15	70.9
SRR061122.9915873/1	CP000678.1:c979144-977489|Methanobrevibacter	100.0	33	0	0	1	99	322	354	7.0e-16	72.0
SRR061121.7948872/2	CP000678.1:c866036-864381|Methanobrevibacter	97.0	33	1	0	99	1	275	307	5.9e-15	68.9
SRR041660.15027621/2	CP000678.1:c866036-864381|Methanobrevibacter	100.0	33	0	0	100	2	175	207	4.5e-15	69.3
SRR061119.4069044/2	CP000678.1:c866036-864381|Methanobrevibacter	100.0	33	0	0	2	100	473	505	3.1e-16	73.2
SRR041659.14863143/2	CP000678.1:c979144-977489|Methanobrevibacter	100.0	29	0	0	100	14	523	551	3.3e-13	63.2
SRR061132.26264460/2	CP000477.1:c590561-588882|Methanosaeta	70.0	20	6	0	62	3	278	297	4.7e-04	32.7
SRR061132.20683775/1	GG704759.1:431084-432751|Methanobrevibacter	100.0	23	0	0	32	100	1	23	2.9e-09	50.1
SRR041660.18150431/1	CP000678.1:c866036-864381|Methanobrevibacter	100.0	33	0	0	2	100	328	360	9.2e-16	71.6
