HWUSI-EAS713_103029221:8:38:8243:17074/2	AP011532.1:507630-509303|Methanocella	59.4	32	13	0	3	98	155	186	3.2e-08	46.6
HWUSI-EAS713_103029221:7:101:14312:7763/1	CP000743.1:1331150-1332808|Methanococcus	62.5	32	12	0	97	2	22	53	9.2e-08	45.1
HWUSI-EAS713_103029221:8:102:5764:15346/2	CP000678.1:c979144-977489|Methanobrevibacter	96.9	32	1	0	99	4	116	147	1.9e-13	63.9
HWUSI-EAS713_103029221:8:3:17557:7603/1	AE009439.1:614620-616281|Methanopyrus	67.7	31	10	0	95	3	297	327	7.5e-10	52.0
HWUSI-EAS713_103029221:7:103:9631:6975/1	CP000254.1:2424710-2426413|Methanospirillum	63.6	33	12	0	1	99	183	215	1.7e-09	50.8
HWUSI-EAS713_103029221:7:116:13190:18226/1	GG704759.1:431084-432751|Methanobrevibacter	66.7	33	11	0	1	99	4	36	2.6e-10	53.5
HWUSI-EAS713_103029221:7:16:11753:14926/1	EU715818.1:1-745|Methanolobus	45.5	33	17	1	97	2	83	115	2.8e-04	33.5
HWUSI-EAS713_103029221:7:77:4604:12672/2	NZ_JQKN01000013.1:61384-63036|Methanobacterium	71.9	32	9	0	3	98	54	85	3.4e-10	53.1
HWUSI-EAS713_103029221:8:25:3870:11761/2	CP003362.1:1659823-1661538|Methanomethylovorans	73.3	30	8	0	2	91	542	571	8.3e-09	48.5
HWUSI-EAS713_103029221:7:27:3785:10828/2	CP000678.1:c979144-977489|Methanobrevibacter	93.9	33	2	0	1	99	296	328	1.1e-13	64.7
HWUSI-EAS713_103029221:7:58:7879:3979/2	EU715818.1:1-745|Methanolobus	46.9	32	16	1	96	4	83	114	6.2e-04	32.3
HWUSI-EAS713_103029221:7:84:3981:20185/1	CP001710.1:1424051-1425703|Methanothermobacter	80.6	31	6	0	1	93	66	96	6.4e-11	55.5
HWUSI-EAS713_103029221:7:86:13808:19729/1	HQ896500.1:c456-1|Methanomassiliicoccus	87.9	33	4	0	100	2	33	65	2.7e-15	70.1
HWUSI-EAS713_103029221:7:86:8421:14482/1	CP003362.1:1659823-1661538|Methanomethylovorans	87.5	24	3	0	96	25	548	571	8.3e-09	48.5
HWUSI-EAS713_103029221:8:20:15176:1093/1	CP003362.1:1659823-1661538|Methanomethylovorans	75.0	24	6	0	72	1	542	565	1.3e-06	40.8
HWUSI-EAS713_103029221:8:3:17557:7603/2	AGJL01000010.1:c13573-11915|Methanotorris	83.3	30	5	0	2	91	268	297	4.7e-12	59.3
