HWUSI-EAS710_102865890:1:100:3234:6772/1	AB353228.1:1-748|Methanotorris	75.0	32	8	0	3	98	8	39	2.0e-10	53.9
HWUSI-EAS710_102865890:2:90:4769:19651/1	CP011266.1:2218335-2219990|Methanobrevibacter	100.0	32	0	0	98	3	140	171	1.7e-14	67.4
HWUSI-EAS710_102865890:1:45:12416:12818/2	AY386125.1:1-1124|Methanobacterium	43.3	30	17	0	5	94	67	96	6.2e-04	32.3
HWUSI-EAS710_102865890:1:114:3771:19619/1	FOAK01000001.1:279912-281579|Methanobrevibacter	93.8	32	2	0	98	3	290	321	1.1e-13	64.7
HWUSI-EAS710_102865890:2:86:1864:11856/1	GG704759.1:431084-432751|Methanobrevibacter	95.8	24	1	0	29	100	1	24	6.4e-09	48.9
HWUSI-EAS710_102865890:1:44:10236:13460/2	CP000743.1:1331150-1332808|Methanococcus	78.1	32	7	0	98	3	129	160	3.6e-12	59.7
HWUSI-EAS710_102865890:2:90:4769:19651/2	CP000678.1:c979144-977489|Methanobrevibacter	100.0	32	0	0	3	98	124	155	1.3e-14	67.8
HWUSI-EAS710_102865890:1:70:7306:5266/2	AM114193.2:1033346-1035016|Methanocella	83.9	31	5	0	3	95	262	292	2.0e-12	60.5
HWUSI-EAS710_102865890:1:57:17448:18030/2	CP000678.1:c979144-977489|Methanobrevibacter	96.8	31	1	0	2	94	37	67	3.7e-14	66.2
HWUSI-EAS710_102865890:2:111:7831:12154/2	CP000678.1:c979144-977489|Methanobrevibacter	97.0	33	1	0	2	100	176	208	3.9e-14	66.2
HWUSI-EAS710_102865890:2:29:15624:18442/1	GG704759.1:431084-432751|Methanobrevibacter	100.0	33	0	0	100	2	19	51	7.0e-16	72.0
HWUSI-EAS710_102865890:1:28:8737:7450/1	AY386125.1:1-1124|Methanobacterium	51.9	27	13	0	18	98	67	93	6.2e-04	32.3
HWUSI-EAS710_102865890:1:21:4319:19236/2	CP000678.1:c979144-977489|Methanobrevibacter	95.7	23	1	0	70	2	299	321	4.4e-09	48.9
HWUSI-EAS710_102865890:1:55:9200:8964/2	CP000678.1:c979144-977489|Methanobrevibacter	100.0	32	0	0	3	98	118	149	1.3e-14	67.8
HWUSI-EAS710_102865890:1:106:18706:10848/2	HM802935.1:1-1136|Methanobacterium	90.6	32	3	0	3	98	17	48	2.5e-13	63.5
HWUSI-EAS710_102865890:1:120:10999:17462/2	CP000678.1:c979144-977489|Methanobrevibacter	84.8	33	5	0	2	100	72	104	1.9e-13	63.9
HWUSI-EAS710_102865890:1:1:18154:19114/2	CP000678.1:c979144-977489|Methanobrevibacter	100.0	31	0	0	2	94	53	83	5.8e-15	68.9
HWUSI-EAS710_102865890:1:76:4746:2925/2	CP000678.1:c979144-977489|Methanobrevibacter	97.0	33	1	0	2	100	170	202	1.5e-13	64.3
HWUSI-EAS710_102865890:2:25:2093:13896/1	AB353228.1:1-748|Methanotorris	81.8	33	6	0	2	100	21	53	1.9e-13	63.9
HWUSI-EAS710_102865890:2:81:4095:7240/2	GG704759.1:431084-432751|Methanobrevibacter	100.0	32	0	0	98	3	10	41	7.0e-16	72.0
HWUSI-EAS710_102865890:2:68:14969:5329/1	GG704759.1:431084-432751|Methanobrevibacter	100.0	22	0	0	69	4	1	22	1.1e-08	48.1
HWUSI-EAS710_102865890:2:68:7222:19358/2	EU715818.1:1-745|Methanolobus	45.5	33	17	1	3	98	83	115	3.6e-04	33.1
HWUSI-EAS710_102865890:1:57:17448:18030/1	CP000678.1:c979144-977489|Methanobrevibacter	100.0	32	0	0	98	3	100	131	8.6e-14	65.1
HWUSI-EAS710_102865890:1:20:11205:14322/2	CP000678.1:c979144-977489|Methanobrevibacter	100.0	33	0	0	1	99	79	111	4.1e-16	72.8
HWUSI-EAS710_102865890:1:110:2806:7771/2	GG704759.1:431084-432751|Methanobrevibacter	100.0	32	0	0	98	3	8	39	1.2e-15	71.2
HWUSI-EAS710_102865890:2:54:16221:2994/2	CP000678.1:c979144-977489|Methanobrevibacter	100.0	32	0	0	98	3	130	161	2.3e-14	67.0
HWUSI-EAS710_102865890:2:84:7190:12438/2	CP011266.1:2218335-2219990|Methanobrevibacter	100.0	33	0	0	2	100	474	506	8.3e-17	75.1
HWUSI-EAS710_102865890:2:86:11120:1121/1	AY386125.1:1-1124|Methanobacterium	44.8	29	16	0	2	88	68	96	8.0e-04	32.0
HWUSI-EAS710_102865890:2:20:9555:20709/2	EU919430.1:1-471|Methanobrevibacter	100.0	31	0	0	95	3	83	113	5.2e-13	62.4
HWUSI-EAS710_102865890:1:70:16922:8637/1	CP000678.1:c979144-977489|Methanobrevibacter	100.0	33	0	0	2	100	59	91	7.0e-16	72.0
HWUSI-EAS710_102865890:2:44:9276:7561/2	CP011266.1:2218335-2219990|Methanobrevibacter	100.0	33	0	0	2	100	430	462	1.4e-16	74.3
HWUSI-EAS710_102865890:1:76:4746:2925/1	CP000678.1:c979144-977489|Methanobrevibacter	100.0	32	0	0	98	3	203	234	2.7e-15	70.1
HWUSI-EAS710_102865890:1:77:2164:1062/1	CP000678.1:c979144-977489|Methanobrevibacter	97.0	33	1	0	99	1	329	361	5.4e-16	72.4
