61JHKAAXX100503:7:12:19445:17072/2	AY386125.1:1-1124|Methanobacterium	46.7	30	16	0	8	97	67	96	2.8e-04	33.5
61JHKAAXX100503:8:42:14667:9581/1	AY386125.1:1-1124|Methanobacterium	46.7	30	16	0	90	1	67	96	2.8e-04	33.5
61JHKAAXX100503:8:29:2489:3908/2	AY386125.1:1-1124|Methanobacterium	52.0	25	12	0	23	97	67	91	8.0e-04	32.0
61JHKAAXX100503:7:100:11647:17626/2	AY386125.1:1-1124|Methanobacterium	52.0	25	12	0	80	6	67	91	8.0e-04	32.0
61JHKAAXX100503:8:13:11025:8609/2	AY386125.1:1-1124|Methanobacterium	51.9	27	13	0	20	100	67	93	6.2e-04	32.3
61JHKAAXX100503:7:17:3021:19787/1	AY386125.1:1-1124|Methanobacterium	51.9	27	13	0	84	4	67	93	6.2e-04	32.3
61JHKAAXX100503:8:92:18207:15474/2	AY386125.1:1-1124|Methanobacterium	46.7	30	16	0	3	92	67	96	2.8e-04	33.5
61JHKAAXX100503:8:6:15714:12170/1	AY386125.1:1-1124|Methanobacterium	46.7	30	16	0	2	91	67	96	2.8e-04	33.5
61JHKAAXX100503:7:1:19117:12586/2	AY386125.1:1-1124|Methanobacterium	48.3	29	15	0	1	87	68	96	3.6e-04	33.1
61JHKAAXX100503:8:74:11782:16776/1	EU715818.1:1-745|Methanolobus	45.5	33	17	1	98	3	83	115	2.8e-04	33.5
61JHKAAXX100503:7:6:10797:18684/2	EU715818.1:1-745|Methanolobus	45.5	33	17	1	98	3	83	115	3.6e-04	33.1
61JHKAAXX100503:8:2:18520:12913/1	AY386125.1:1-1124|Methanobacterium	46.7	30	16	0	100	11	67	96	2.8e-04	33.5
61JHKAAXX100503:7:52:2474:1857/1	AY386125.1:1-1124|Methanobacterium	51.9	27	13	0	21	101	67	93	6.2e-04	32.3
61JHKAAXX100503:8:21:17579:11398/2	AY386125.1:1-1124|Methanobacterium	46.7	30	16	0	98	9	67	96	2.8e-04	33.5
61JHKAAXX100503:7:92:5435:8947/2	EU715818.1:1-745|Methanolobus	45.5	33	17	1	1	96	83	115	3.6e-04	33.1
61JHKAAXX100503:7:7:15538:5989/1	AY386125.1:1-1124|Methanobacterium	46.7	30	16	0	4	93	67	96	2.8e-04	33.5
