SRR1803864.13498138/1	AY386125.1:1-1124|Methanobacterium	43.3	30	17	0	3	92	67	96	8.0e-04	32.0
SRR1803864.15025929/1	EU715818.1:1-745|Methanolobus	45.5	33	17	1	100	5	83	115	3.6e-04	33.1
SRR1803864.16020664/1	AY386125.1:1-1124|Methanobacterium	43.3	30	17	0	95	6	67	96	6.2e-04	32.3
SRR1803864.16432240/1	AY386125.1:1-1124|Methanobacterium	43.3	30	17	0	91	2	67	96	6.2e-04	32.3
SRR1803864.8655068/2	AY386125.1:1-1124|Methanobacterium	43.3	30	17	0	3	92	67	96	6.2e-04	32.3
SRR1803864.8094592/2	AY386125.1:1-1124|Methanobacterium	43.3	30	17	0	91	2	67	96	6.2e-04	32.3
SRR1803864.8566178/2	AY386125.1:1-1124|Methanobacterium	42.9	28	16	0	3	86	19	46	4.7e-04	32.7
SRR1803864.10665471/2	AY386125.1:1-1124|Methanobacterium	43.3	30	17	0	95	6	67	96	6.2e-04	32.3
SRR1803864.6436909/1	AY386125.1:1-1124|Methanobacterium	43.3	30	17	0	7	96	67	96	6.2e-04	32.3
SRR1803864.7167653/2	AY386125.1:1-1124|Methanobacterium	43.3	30	17	0	95	6	67	96	6.2e-04	32.3
