HWUSI-EAS1587_102507585:5:64:5621:9288/2	CP000678.1:c979144-977489|Methanobrevibacter	100.0	33	0	0	100	2	485	517	3.1e-16	73.2
HWUSI-EAS1587_102507585:6:54:15670:12745/1	CP000678.1:c979144-977489|Methanobrevibacter	100.0	33	0	0	100	2	24	56	4.1e-16	72.8
HWUSI-EAS1587_102507585:5:101:4176:7934/1	GG704759.1:431084-432751|Methanobrevibacter	100.0	32	0	0	98	3	7	38	9.2e-16	71.6
HWUSI-EAS1587_102507585:6:90:18359:13310/1	GG704759.1:431084-432751|Methanobrevibacter	100.0	29	0	0	90	4	1	29	7.3e-13	62.0
HWUSI-EAS1587_102507585:5:106:5519:4642/1	CP000678.1:c979144-977489|Methanobrevibacter	100.0	32	0	0	99	4	502	533	9.2e-16	71.6
HWUSI-EAS1587_102507585:5:88:4254:12867/2	CP011266.1:2218335-2219990|Methanobrevibacter	97.0	33	1	0	100	2	460	492	4.1e-16	72.8
HWUSI-EAS1587_102507585:5:107:13789:9436/1	CP000678.1:c979144-977489|Methanobrevibacter	100.0	32	0	0	3	98	77	108	1.2e-15	71.2
HWUSI-EAS1587_102507585:6:21:19187:9153/1	CP000678.1:c979144-977489|Methanobrevibacter	100.0	32	0	0	3	98	123	154	2.9e-14	66.6
HWUSI-EAS1587_102507585:6:32:8793:11012/2	CP000678.1:c979144-977489|Methanobrevibacter	100.0	32	0	0	3	98	176	207	6.6e-14	65.5
HWUSI-EAS1587_102507585:6:47:8409:1256/1	CP000678.1:c979144-977489|Methanobrevibacter	100.0	33	0	0	100	2	335	367	1.8e-16	73.9
HWUSI-EAS1587_102507585:5:117:18958:5180/1	CP000678.1:c979144-977489|Methanobrevibacter	100.0	32	0	0	3	98	519	550	1.3e-14	67.8
HWUSI-EAS1587_102507585:6:21:3446:19952/1	CP000678.1:c979144-977489|Methanobrevibacter	100.0	26	0	0	2	79	421	446	2.2e-12	60.1
HWUSI-EAS1587_102507585:5:118:18409:2194/2	CP000678.1:c979144-977489|Methanobrevibacter	100.0	31	0	0	1	93	31	61	1.0e-14	68.2
HWUSI-EAS1587_102507585:6:8:4376:10882/2	EU919430.1:1-471|Methanobrevibacter	100.0	32	0	0	98	3	124	155	1.8e-16	73.9
HWUSI-EAS1587_102507585:5:94:9932:1016/1	CP000678.1:c979144-977489|Methanobrevibacter	100.0	32	0	0	99	4	122	153	2.3e-14	67.0
HWUSI-EAS1587_102507585:5:85:8602:10142/2	AY386125.1:1-1124|Methanobacterium	48.1	27	14	0	87	7	67	93	6.2e-04	32.3
HWUSI-EAS1587_102507585:5:99:7361:10550/1	CP000678.1:c979144-977489|Methanobrevibacter	100.0	32	0	0	3	98	349	380	2.7e-15	70.1
HWUSI-EAS1587_102507585:6:19:2383:20375/1	CP000678.1:c979144-977489|Methanobrevibacter	100.0	26	0	0	98	21	526	551	1.0e-11	58.2
HWUSI-EAS1587_102507585:5:23:16672:5921/1	CP011266.1:2218335-2219990|Methanobrevibacter	100.0	32	0	0	99	4	391	422	1.2e-12	61.2
HWUSI-EAS1587_102507585:5:66:9931:4810/2	CP011266.1:2218335-2219990|Methanobrevibacter	100.0	32	0	0	3	98	82	113	1.2e-15	71.2
HWUSI-EAS1587_102507585:6:37:15380:972/2	JXMW01000002.1:c55692-54040|Methanobrevibacter	100.0	33	0	0	100	2	245	277	1.6e-15	70.9
HWUSI-EAS1587_102507585:6:43:16510:10757/2	CP011266.1:2218335-2219990|Methanobrevibacter	97.0	33	1	0	100	2	142	174	1.7e-14	67.4
HWUSI-EAS1587_102507585:6:56:10579:15180/2	CP000678.1:c979144-977489|Methanobrevibacter	96.7	30	1	0	2	91	165	194	2.9e-11	56.6
HWUSI-EAS1587_102507585:5:90:3627:2253/1	CP011266.1:2218335-2219990|Methanobrevibacter	100.0	31	0	0	94	2	396	426	5.8e-12	58.9
HWUSI-EAS1587_102507585:6:95:6224:4853/1	CP011266.1:2218335-2219990|Methanobrevibacter	100.0	33	0	0	100	2	459	491	6.3e-17	75.5
HWUSI-EAS1587_102507585:5:74:3447:17478/2	CP000678.1:c979144-977489|Methanobrevibacter	100.0	27	0	0	81	1	203	229	1.0e-12	61.2
HWUSI-EAS1587_102507585:5:37:9740:20455/1	AY386125.1:1-1124|Methanobacterium	43.3	30	17	0	6	95	67	96	4.7e-04	32.7
HWUSI-EAS1587_102507585:5:40:3799:5942/1	FOAK01000001.1:279912-281579|Methanobrevibacter	100.0	33	0	0	100	2	164	196	1.3e-14	67.8
HWUSI-EAS1587_102507585:5:40:5689:14698/1	GG704759.1:431084-432751|Methanobrevibacter	100.0	32	0	0	97	2	1	32	1.0e-14	68.2
HWUSI-EAS1587_102507585:6:77:15008:18064/2	CP000678.1:c979144-977489|Methanobrevibacter	100.0	32	0	0	98	3	427	458	6.3e-17	75.5
HWUSI-EAS1587_102507585:6:97:7281:18015/2	GG704759.1:431084-432751|Methanobrevibacter	100.0	30	0	0	9	98	1	30	1.1e-13	64.7
HWUSI-EAS1587_102507585:5:91:7417:18100/1	CP000678.1:c979144-977489|Methanobrevibacter	100.0	33	0	0	100	2	173	205	1.3e-14	67.8
HWUSI-EAS1587_102507585:6:26:15685:13483/2	GG704759.1:431084-432751|Methanobrevibacter	100.0	32	0	0	3	98	17	48	1.2e-15	71.2
HWUSI-EAS1587_102507585:5:5:17280:2128/2	CP000678.1:c979144-977489|Methanobrevibacter	100.0	33	0	0	100	2	365	397	1.2e-15	71.2
HWUSI-EAS1587_102507585:5:17:6611:17426/2	CP000678.1:c979144-977489|Methanobrevibacter	100.0	33	0	0	1	99	125	157	3.5e-15	69.7
HWUSI-EAS1587_102507585:6:21:3446:19952/2	CP011266.1:2218335-2219990|Methanobrevibacter	96.2	26	1	0	79	2	461	486	1.1e-11	57.8
HWUSI-EAS1587_102507585:6:3:12941:14333/2	CP000678.1:c979144-977489|Methanobrevibacter	100.0	32	0	0	3	98	301	332	1.7e-14	67.4
HWUSI-EAS1587_102507585:5:107:12584:13352/2	CP011266.1:2218335-2219990|Methanobrevibacter	100.0	32	0	0	98	3	398	429	9.5e-13	61.6
HWUSI-EAS1587_102507585:5:44:16513:1790/2	CP000678.1:c979144-977489|Methanobrevibacter	100.0	33	0	0	100	2	321	353	9.2e-16	71.6
HWUSI-EAS1587_102507585:6:118:14949:12389/1	EU715818.1:1-745|Methanolobus	45.5	33	17	1	98	3	83	115	3.6e-04	33.1
HWUSI-EAS1587_102507585:5:70:11095:7843/1	CP011266.1:2218335-2219990|Methanobrevibacter	100.0	33	0	0	1	99	450	482	4.9e-17	75.9
HWUSI-EAS1587_102507585:5:113:12761:11301/2	CP011266.1:2218335-2219990|Methanobrevibacter	100.0	33	0	0	2	100	47	79	9.2e-16	71.6
HWUSI-EAS1587_102507585:5:71:12945:6358/1	CP000678.1:c979144-977489|Methanobrevibacter	100.0	32	0	0	3	98	117	148	3.9e-14	66.2
HWUSI-EAS1587_102507585:5:74:3447:17478/1	CP000678.1:c979144-977489|Methanobrevibacter	100.0	33	0	0	2	100	166	198	6.6e-14	65.5
