61JHCAAXX100507:3:105:14526:7423/1	CP011266.1:2218335-2219990|Methanobrevibacter	100.0	33	0	0	3	101	217	249	5.4e-16	72.4
61JHCAAXX100507:4:39:17218:11767/2	CP011266.1:2218335-2219990|Methanobrevibacter	100.0	33	0	0	99	1	133	165	1.7e-14	67.4
61JHCAAXX100507:4:37:19297:17943/1	AY386125.1:1-1124|Methanobacterium	52.0	25	12	0	25	99	67	91	8.0e-04	32.0
61JHCAAXX100507:4:27:9054:16315/2	AY386125.1:1-1124|Methanobacterium	51.9	27	13	0	84	4	67	93	4.7e-04	32.7
61JHCAAXX100507:4:83:15981:8485/1	JXMW01000002.1:c55692-54040|Methanobrevibacter	100.0	33	0	0	2	100	232	264	1.2e-15	71.2
61JHCAAXX100507:4:95:5179:21518/2	CP000678.1:c979144-977489|Methanobrevibacter	100.0	25	0	0	76	2	491	515	3.0e-11	56.2
61JHCAAXX100507:4:30:13837:15245/2	AY386125.1:1-1124|Methanobacterium	46.7	30	16	0	8	97	67	96	2.8e-04	33.5
61JHCAAXX100507:4:96:16878:20634/1	AY386125.1:1-1124|Methanobacterium	48.1	27	14	0	6	86	70	96	8.0e-04	32.0
61JHCAAXX100507:3:65:18164:3234/2	AY386125.1:1-1124|Methanobacterium	48.1	27	14	0	101	21	70	96	8.0e-04	32.0
61JHCAAXX100507:3:50:8964:8190/1	KC865050.1:1-424|Methanobrevibacter	100.0	33	0	0	1	99	4	36	1.8e-16	73.9
61JHCAAXX100507:3:105:14526:7423/2	CP000678.1:c979144-977489|Methanobrevibacter	100.0	33	0	0	101	3	261	293	1.4e-16	74.3
61JHCAAXX100507:4:98:9958:21510/1	CP000678.1:c979144-977489|Methanobrevibacter	100.0	30	0	0	2	91	110	139	2.3e-13	63.5
