SRR1803333.78889/2	CP011266.1:2218335-2219990|Methanobrevibacter	100.0	33	0	0	2	100	97	129	1.6e-15	70.9
SRR1803333.8783257/2	JXMW01000002.1:c55692-54040|Methanobrevibacter	100.0	33	0	0	2	100	240	272	4.1e-16	72.8
SRR1803333.12702250/1	CP000678.1:c979144-977489|Methanobrevibacter	100.0	33	0	0	2	100	182	214	2.3e-14	67.0
SRR1803333.13735720/1	CP000742.1:896141-897802|Methanococcus	45.5	33	14	1	100	2	78	106	5.6e-05	35.8
SRR1803333.1462146/1	CP000678.1:c979144-977489|Methanobrevibacter	97.0	33	1	0	1	99	182	214	6.6e-14	65.5
SRR1803333.1462146/2	CP000678.1:c979144-977489|Methanobrevibacter	96.9	32	1	0	99	4	192	223	3.9e-14	66.2
SRR1803333.12551199/2	CP000678.1:c979144-977489|Methanobrevibacter	100.0	33	0	0	2	100	331	363	5.4e-16	72.4
SRR1803333.78889/1	CP000678.1:c979144-977489|Methanobrevibacter	100.0	32	0	0	99	4	126	157	1.0e-14	68.2
SRR1803333.8200944/1	CP000678.1:c979144-977489|Methanobrevibacter	100.0	33	0	0	1	99	278	310	3.5e-15	69.7
SRR1804827.2191132/1	CP000678.1:c979144-977489|Methanobrevibacter	100.0	33	0	0	1	99	38	70	5.4e-16	72.4
