SRR1804669.17601014/2	CP011266.1:2218335-2219990|Methanobrevibacter	100.0	33	0	0	1	99	385	417	5.0e-14	65.9
SRR1804669.17912387/1	CP000678.1:c979144-977489|Methanobrevibacter	100.0	33	0	0	100	2	351	383	7.0e-16	72.0
SRR1804669.1798002/1	CP011266.1:2218335-2219990|Methanobrevibacter	100.0	32	0	0	99	4	85	116	1.6e-15	70.9
SRR1804669.19108385/1	CP000678.1:c866036-864381|Methanobrevibacter	100.0	33	0	0	2	100	340	372	2.4e-16	73.6
SRR1804669.1963442/1	CP000678.1:c979144-977489|Methanobrevibacter	100.0	32	0	0	3	98	375	406	1.0e-14	68.2
SRR1804669.8760523/1	AY386125.1:1-1124|Methanobacterium	48.1	27	14	0	95	15	70	96	6.2e-04	32.3
SRR1804669.14556009/2	CP000678.1:c979144-977489|Methanobrevibacter	97.0	33	1	0	100	2	304	336	1.3e-14	67.8
SRR1804669.11203796/2	CP000678.1:c979144-977489|Methanobrevibacter	100.0	32	0	0	98	3	404	435	8.6e-14	65.1
SRR1804669.1963442/2	CP011266.1:2218335-2219990|Methanobrevibacter	100.0	33	0	0	100	2	391	423	5.6e-13	62.4
SRR1804669.1798002/2	CP000678.1:c979144-977489|Methanobrevibacter	100.0	33	0	0	2	100	73	105	4.1e-16	72.8
SRR1804669.3055279/2	AY386125.1:1-1124|Methanobacterium	48.1	27	14	0	100	20	70	96	8.0e-04	32.0
