HWUSI-EAS1625_615HE:8:54:584:156/2	AY386125.1:1-1124|Methanobacterium	51.9	27	13	0	83	3	67	93	6.2e-04	32.3
HWUSI-EAS577_614NM:6:58:2492:13571/1	AY386125.1:1-1124|Methanobacterium	51.9	27	13	0	20	100	67	93	6.2e-04	32.3
HWUSI-EAS577_614NM:6:67:5346:3923/1	AY386125.1:1-1124|Methanobacterium	52.0	25	12	0	21	95	67	91	8.0e-04	32.0
HWUSI-EAS1625_615HE:8:114:1150:1443/2	AY386125.1:1-1124|Methanobacterium	46.7	30	16	0	4	93	67	96	2.8e-04	33.5
HWUSI-EAS577_614NM:6:91:12376:2371/1	AY386125.1:1-1124|Methanobacterium	51.9	27	13	0	86	6	67	93	4.4e-04	32.7
HWUSI-EAS1625_615HE:8:25:303:601/2	AY386125.1:1-1124|Methanobacterium	48.1	27	14	0	4	84	70	96	8.0e-04	32.0
HWUSI-EAS577_614NM:6:87:2119:1805/1	CP011266.1:2218335-2219990|Methanobrevibacter	100.0	20	0	0	61	2	401	420	6.8e-06	38.1
HWUSI-EAS1625_615HE:8:64:874:1441/1	AY386125.1:1-1124|Methanobacterium	48.1	27	14	0	100	20	70	96	8.0e-04	32.0
HWUSI-EAS577_614NM:6:74:3510:15855/2	CP011266.1:2218335-2219990|Methanobrevibacter	100.0	33	0	0	2	100	469	501	2.4e-16	73.6
HWUSI-EAS577_614NM:6:110:9637:5029/2	CP011266.1:2218335-2219990|Methanobrevibacter	100.0	33	0	0	100	2	388	420	5.0e-14	65.9
HWUSI-EAS1625_615HE:8:22:432:1387/2	AY386125.1:1-1124|Methanobacterium	52.0	25	12	0	21	95	67	91	8.0e-04	32.0
HWUSI-EAS577_614NM:6:1:10469:12161/1	CP000678.1:c979144-977489|Methanobrevibacter	100.0	32	0	0	3	98	322	353	3.5e-15	69.7
HWUSI-EAS577_614NM:6:17:18305:9141/2	AY386125.1:1-1124|Methanobacterium	48.1	27	14	0	95	15	70	96	6.0e-04	32.3
