SRR1805061.41163383/2	CP000678.1:c866036-864381|Methanobrevibacter	100.0	32	0	0	3	98	330	361	2.7e-15	70.1
SRR1805061.23033002/1	JXMW01000002.1:c55692-54040|Methanobrevibacter	100.0	33	0	0	1	99	243	275	3.5e-15	69.7
SRR1805061.40099082/1	CP000678.1:c866036-864381|Methanobrevibacter	100.0	33	0	0	100	2	13	45	2.2e-17	77.0
SRR1805061.31239686/1	GG704759.1:431084-432751|Methanobrevibacter	100.0	20	0	0	61	2	1	20	3.5e-07	43.1
SRR1804299.14183369/1	CP000678.1:c979144-977489|Methanobrevibacter	100.0	20	0	0	99	40	532	551	3.2e-08	46.6
SRR1804299.15399473/1	AMPO01000001.1:63416-65068|Methanobacterium	97.0	33	1	0	2	100	463	495	6.3e-17	75.5
SRR1805061.10241008/2	CP000678.1:c979144-977489|Methanobrevibacter	100.0	33	0	0	2	100	250	282	5.4e-16	72.4
SRR1804299.399585/1	CP000678.1:c866036-864381|Methanobrevibacter	100.0	32	0	0	99	4	334	365	4.1e-16	72.8
SRR1804299.14183369/2	CP000678.1:c979144-977489|Methanobrevibacter	100.0	32	0	0	3	98	488	519	1.6e-15	70.9
SRR1805061.37241546/2	CP000678.1:c866036-864381|Methanobrevibacter	100.0	33	0	0	99	1	417	449	1.4e-16	74.3
SRR1805061.31433575/1	CP000678.1:c866036-864381|Methanobrevibacter	100.0	32	0	0	98	3	41	72	9.2e-16	71.6
SRR1804299.3422858/2	CP000678.1:c979144-977489|Methanobrevibacter	100.0	32	0	0	99	4	326	357	2.7e-15	70.1
SRR1804299.8710326/2	CP000678.1:c866036-864381|Methanobrevibacter	100.0	33	0	0	100	2	101	133	1.7e-14	67.4
SRR1805061.10241008/1	CP000678.1:c979144-977489|Methanobrevibacter	100.0	33	0	0	100	2	278	310	3.5e-15	69.7
SRR1805061.41242698/1	CP000678.1:c866036-864381|Methanobrevibacter	100.0	33	0	0	2	100	189	221	1.6e-15	70.9
SRR1805061.38106875/1	GG704759.1:431084-432751|Methanobrevibacter	100.0	32	0	0	99	4	18	49	2.0e-15	70.5
SRR1805061.11474878/1	CP000678.1:c866036-864381|Methanobrevibacter	100.0	32	0	0	3	98	90	121	7.8e-15	68.6
SRR1805061.14405730/1	CP000678.1:c979144-977489|Methanobrevibacter	100.0	32	0	0	3	98	54	85	1.2e-15	71.2
