SRR061131.3920865/2	AY386125.1:1-1124|Methanobacterium	43.3	30	17	0	11	100	67	96	6.2e-04	32.3
SRR061124.14287244/2	CP000678.1:c866036-864381|Methanobrevibacter	100.0	33	0	0	2	100	472	504	1.4e-16	74.3
SRR061125.8617330/1	CP000678.1:c979144-977489|Methanobrevibacter	100.0	33	0	0	2	100	325	357	1.2e-15	71.2
SRR041662.15959875/1	CP000678.1:c866036-864381|Methanobrevibacter	97.0	33	1	0	99	1	217	249	1.2e-15	71.2
SRR061131.14072083/2	CP000678.1:c979144-977489|Methanobrevibacter	100.0	32	0	0	98	3	102	133	5.0e-14	65.9
SRR061126.17453216/2	AY386125.1:1-1124|Methanobacterium	52.0	25	12	0	21	95	67	91	8.0e-04	32.0
SRR061133.26053742/1	CP000678.1:c866036-864381|Methanobrevibacter	100.0	33	0	0	100	2	193	225	9.2e-16	71.6
SRR061131.27222975/1	CP000678.1:c979144-977489|Methanobrevibacter	100.0	32	0	0	99	4	326	357	2.7e-15	70.1
SRR061125.13323458/1	AY386125.1:1-1124|Methanobacterium	52.0	25	12	0	80	6	67	91	8.0e-04	32.0
SRR061133.16948100/1	AY386125.1:1-1124|Methanobacterium	46.7	30	16	0	97	8	67	96	2.8e-04	33.5
SRR061133.23127532/2	AY386125.1:1-1124|Methanobacterium	43.3	30	17	0	92	3	67	96	6.2e-04	32.3
SRR041662.10488389/2	CP000678.1:c979144-977489|Methanobrevibacter	100.0	32	0	0	98	3	175	206	5.0e-14	65.9
SRR042183.9662700/1	CP000678.1:c866036-864381|Methanobrevibacter	100.0	33	0	0	1	99	186	218	2.7e-15	70.1
SRR042491.3362313/2	AY386125.1:1-1124|Methanobacterium	48.1	27	14	0	4	84	70	96	8.0e-04	32.0
SRR061131.10311225/1	AY386125.1:1-1124|Methanobacterium	46.7	30	16	0	6	95	67	96	2.8e-04	33.5
SRR061133.17696446/2	CP000678.1:c866036-864381|Methanobrevibacter	100.0	23	0	0	100	32	529	551	9.8e-10	51.6
SRR061133.26053742/2	CP000678.1:c866036-864381|Methanobrevibacter	100.0	33	0	0	1	99	158	190	1.6e-15	70.9
SRR061133.6731985/2	AY386125.1:1-1124|Methanobacterium	43.3	30	17	0	95	6	67	96	6.2e-04	32.3
