HWUSI-EAS635_102697819:1:100:11982:14800/1	CP000678.1:c979144-977489|Methanobrevibacter	100.0	33	0	0	100	2	106	138	4.5e-15	69.3
HWUSI-EAS635_102697819:1:105:14841:3069/1	AY386125.1:1-1124|Methanobacterium	46.7	30	16	0	3	92	67	96	2.8e-04	33.5
HWUSI-EAS635_102697819:1:83:4830:8108/2	CP011266.1:2218335-2219990|Methanobrevibacter	100.0	32	0	0	3	98	87	118	2.0e-15	70.5
HWUSI-EAS635_102697819:1:10:5246:17471/1	CP000678.1:c979144-977489|Methanobrevibacter	100.0	32	0	0	99	4	334	365	7.0e-16	72.0
HWUSI-EAS635_102697819:1:113:6021:20231/1	CP011266.1:2218335-2219990|Methanobrevibacter	100.0	32	0	0	99	4	48	79	2.7e-15	70.1
HWUSI-EAS635_102697819:2:65:16720:8020/1	EU715818.1:1-745|Methanolobus	45.5	33	17	1	98	3	83	115	3.6e-04	33.1
HWUSI-EAS635_102697819:1:86:3755:3759/2	EU919430.1:1-471|Methanobrevibacter	97.0	33	1	0	100	2	72	104	1.6e-12	60.8
HWUSI-EAS635_102697819:1:73:4509:2418/2	GG704759.1:431084-432751|Methanobrevibacter	100.0	32	0	0	3	98	2	33	4.5e-15	69.3
HWUSI-EAS635_102697819:1:10:5246:17471/2	CP000678.1:c979144-977489|Methanobrevibacter	100.0	33	0	0	1	99	206	238	5.9e-15	68.9
HWUSI-EAS635_102697819:2:52:16526:6289/1	EU919430.1:1-471|Methanobrevibacter	100.0	18	0	0	1	54	131	148	6.8e-07	41.6
